N	blocking	parallel speedup	non-blocking	parallel speedup
----------------------------------------------------------------------------------------------
1	0.4658590	1.000000000		0.46681900	1.000000000
2	0.2342480	1.988742700		0.23504100	1.986117316
4	0.1193180	3.904348045		0.11960900	3.902875202
8	0.0863010	5.398071865		0.06784690	6.880476485
16	0.0623098	7.476496474		0.03478330	13.42077951
32	0.0255323	18.24586896		0.02702700	17.27232027
64	0.017722	26.28704435		0.01838090	25.39696098
128	0.0119573	38.96021677		0.05135900	9.089331957
256	0.0458013	10.17130518		0.00865884	53.91241783										